0.0000000000 4.0000000000
0.0009738826 3.9990171786
0.0021185454 3.9978391568
0.0031014163 3.9968079417
0.0033247671 3.9965710677
0.0041389401 3.9956996467
0.0042370907 3.9955937518
0.0044078709 3.9954090647
0.0051622953 3.9945866401
0.0056873226 3.9940079729
0.0062436174 3.9933891907
0.0068748002 3.9926800693
0.0084741814 3.9908497281
0.0098138794 3.9892796929
0.0105927268 3.9883515137
0.0109233360 3.9879540917
0.0117373895 3.9869668401
0.0118939028 3.9867756122
0.0127792315 3.9856853382
0.0129905545 3.9854229422
0.0139693571 3.9841967728
0.0148298175 3.9831041944
0.0160348552 3.9815510917
0.0169483628 3.9803558959
0.0173311486 3.9798505146
0.0180930256 3.9788366325
0.0191737339 3.9773802425
0.0202115709 3.9759615777
0.0210850210 3.9747524524
0.0223301163 3.9730049831
0.0234578231 3.9713981550
0.0243118619 3.9701660841
0.0254225442 3.9685442830
0.0264845632 3.9669730304
0.0275410896 3.9653901130
0.0282223667 3.9643589852
0.0285616787 3.9638423924
0.0289989977 3.9631736161
0.0296596349 3.9621569994
0.0298419959 3.9618750366
0.0302615496 3.9612241387
0.0308546202 3.9602988430
0.0316434352 3.9590587411
0.0317781803 3.9588458363
0.0323535977 3.9579331376
0.0330624338 3.9568010280
0.0338967257 3.9554575813
0.0339922311 3.9553030365
0.0348654790 3.9538828145
0.0357283956 3.9524667789
0.0360152710 3.9519932550
0.0368884980 3.9505434325
0.0378989591 3.9488499618
0.0381338164 3.9484539405
0.0390467462 3.9469059329
0.0402523617 3.9448407824
0.0407923244 3.9439082160
0.0415408632 3.9426076523
0.0423709071 3.9411549863
0.0425504181 3.9408393789
0.0436713836 3.9388570111
0.0444894524 3.9373978183
0.0455053454 3.9355712350
0.0459079573 3.9348429122
0.0466079978 3.9335706037
0.0477207229 3.9315328403
0.0487265431 3.9296747269
0.0494508805 3.9283272197
0.0498712059 3.9275416955
0.0508173726 3.9257639047
0.0519897512 3.9235428992
0.0530015739 3.9216100720
0.0544573872 3.9188034899
0.0550821792 3.9175898281
0.0558326722 3.9161248017
0.0562268420 3.9153522290
0.0573715047 3.9130966279
0.0580195636 3.9118117226
0.0585668434 3.9107222400
0.0593504859 3.9091552849
0.0601081416 3.9076325963
0.0604639327 3.9069149622
0.0610883437 3.9056515540
0.0612794624 3.9052638480
0.0615201304 3.9047749596
0.0620355365 3.9037254880
0.0624546309 3.9028696429
0.0630259231 3.9016994292
0.0635563606 3.9006092513
0.0638492831 3.9000057290
0.0644712439 3.8987207720
0.0656749059 3.8962206645
0.0665156863 3.8944639865
0.0668195687 3.8938270135
0.0679189654 3.8915135375
0.0685695769 3.8901378742
0.0699119967 3.8872842800
0.0708948881 3.8851822238
0.0720305420 3.8827403702
0.0731752048 3.8802652443
0.0743936739 3.8776155520
0.0752937501 3.8756485495
0.0765541514 3.8728806027
0.0771962902 3.8714644827
0.0777846274 3.8701635661
0.0783861781 3.8688300744
0.0793365130 3.8667166137
0.0805047234 3.8641074647
0.0813873496 3.8621282087
0.0820711509 3.8605902207
0.0826232688 3.8593455445
0.0831150791 3.8582347015
0.0837679315 3.8567570762
0.0847190627 3.8545982683
0.0851481529 3.8536220397
0.0859518161 3.8517898357
0.0861500802 3.8513370836
0.0868603595 3.8497127241
0.0870444927 3.8492910240
0.0876843916 3.8478236459
0.0887283159 3.8454236205
0.0889789048 3.8448463950
0.0902118047 3.8420003665
0.0910974502 3.8399498949
0.0917646076 3.8384020554
0.0924820598 3.8367345387
0.0932159955 3.8350255988
0.0940413496 3.8331001599
0.0943606583 3.8323542528
0.0954383431 3.8298327855
0.0963082960 3.8277930258
0.0965368748 3.8272564648
0.0971761859 3.8257544368
0.0974530862 3.8251032821
0.0983425671 3.8230092523
0.0985817456 3.8224455825
0.0992947716 3.8207637658
0.0995716316 3.8201101708
0.0996821994 3.8198490626
0.1016901770 3.8150990793
0.1028348397 3.8123849634
0.1036808357 3.8103763535
0.1049533851 3.8073511268
0.1056776102 3.8056275381
0.1063739928 3.8039690386
0.1070719304 3.8023057750
0.1074847873 3.8013214287
0.1082165932 3.7995758603
0.1085322264 3.7988227005
0.1089206249 3.7978956929
0.1096383226 3.7961821558
0.1105070100 3.7941072484
0.1110540090 3.7928002951
0.1116539911 3.7913664430
0.1122829037 3.7898631721
0.1127988911 3.7886296569
0.1134275665 3.7871266076
0.1139507595 3.7858756746
0.1145525834 3.7844367113
0.1153441660 3.7825440896
0.1155250510 3.7821116272
0.1163019073 3.7802544608
0.1165199944 3.7797331546
0.1166639015 3.7793891814
0.1173739928 3.7776921105
0.1177749718 3.7767339859
0.1186385398 3.7746710855
0.1197832025 3.7719381507
0.1207732368 3.7695760288
0.1211230982 3.7687417116
0.1218683697 3.7669652629
0.1222162765 3.7661363851
0.1228756305 3.7645662498
0.1238963299 3.7621377539
0.1247786369 3.7600408074
0.1249941758 3.7595288892
0.1261388386 3.7568126830
0.1278064968 3.7528634667
0.1292312665 3.7494978685
0.1303759293 3.7468001636
0.1313923703 3.7444096733
0.1316800163 3.7437340828
0.1334683573 3.7395433088
0.1343277532 3.7375355430
0.1346277524 3.7368356554
0.1355869026 3.7346015396
0.1366390206 3.7321573280
0.1377054480 3.7296870944
0.1386738467 3.7274505204
0.1393324823 3.7259330848
0.1398239933 3.7248027095
0.1406622683 3.7228789389
0.1409686561 3.7221771191
0.1415118606 3.7209346082
0.1421354708 3.7195110169
0.1430443840 3.7174416992
0.1430872014 3.7173443831
0.1440312047 3.7152027158
0.1452057468 3.7125486421
0.1462757029 3.7101415108
0.1473242921 3.7077926145
0.1477319776 3.7068821650
0.1485991862 3.7049508146
0.1490055675 3.7040482960
0.1497099199 3.7024879186
0.1504167201 3.7009271700
0.1509422772 3.6997699798
0.1515613828 3.6984105267
0.1517420113 3.6980146631
0.1526761439 3.6959730359
0.1529792367 3.6953126457
0.1537448364 3.6936490657
0.1546538108 3.6916825295
0.1547727977 3.6914258052
0.1556686112 3.6894982963
0.1557771778 3.6892653348
0.1567723561 3.6871364304
0.1573183306 3.6859735487
0.1583169343 3.6838560913
0.1588909015 3.6826446814
0.1600355643 3.6802413059
0.1614275641 3.6773416222
0.1625250256 3.6750737493
0.1631279922 3.6738347312
0.1642726550 3.6714965031
0.1649097481 3.6702031113
0.1655318234 3.6689458214
0.1660553047 3.6678921470
0.1665541662 3.6668917612
0.1670211860 3.6659585604
0.1673650829 3.6652734600
0.1676542003 3.6646988609
0.1678879292 3.6642352627
0.1685199480 3.6629858100
0.1689039760 3.6622295962
0.1694836283 3.6610924713
0.1698447235 3.6603867356
0.1706282910 3.6588623392
0.1723792208 3.6554913357
0.1733541773 3.6536358619
0.1737207190 3.6529423411
0.1746829743 3.6511323676
0.1754869219 3.6496321515
0.1758392643 3.6489781340
0.1763294968 3.6480717176
0.1766788151 3.6474283815
0.1773692958 3.6461629865
0.1779578097 3.6450910695
0.1783651564 3.6443527207
0.1789892023 3.6432273282
0.1794963969 3.6423178172
0.1800763550 3.6412835338
0.1809349785 3.6397635666
0.1813708716 3.6389971293
0.1821949004 3.6375578779
0.1828932308 3.6363481380
0.1833395631 3.6355797723
0.1838906441 3.6346363142
0.1845514205 3.6335127333
0.1856402450 3.6316797389
0.1864319911 3.6303614234
0.1873286902 3.6288833218
0.1877690887 3.6281632474
0.1885505364 3.6268951360
0.1898906807 3.6247492404
0.1906690818 3.6235197476
0.1918137446 3.6217345893
0.1923619043 3.6208894241
0.1929848161 3.6199367056
0.1939322899 3.6185034054
0.1948685850 3.6171059326
0.1953441806 3.6164033383
0.1960508353 3.6153684962
0.1971028902 3.6138481287
0.1975834986 3.6131617162
0.1981693806 3.6123318963
0.1983898103 3.6120216722
0.1987011894 3.6115853040
0.1991887682 3.6109063850
0.1998044752 3.6100567208
0.2004162011 3.6092210653
0.2009843196 3.6084526221
0.2012618086 3.6080799741
0.2018273682 3.6073259488
0.2021475769 3.6069023060
0.2022969625 3.6067054772
0.2029519659 3.6058485669
0.2033803539 3.6052935315
0.2035407971 3.6050867593
0.2040096989 3.6044859173
0.2045747966 3.6037686818
0.2054988993 3.6026120541
0.2057031995 3.6023590843
0.2071532071 3.6005923203
0.2076174446 3.6000373494
0.2086381266 3.5988355294
0.2097359900 3.5975711705
0.2104519291 3.5967625876
0.2106691217 3.5965197884
0.2118545353 3.5952152144
0.2120985438 3.5949510151
0.2126507459 3.5943586123
0.2133202755 3.5936505919
0.2136066806 3.5933511644
0.2139730807 3.5929711207
0.2144904593 3.5924402574
0.2145888284 3.5923400918
0.2152882050 3.5916350309
0.2156188675 3.5913060183
0.2156444358 3.5912806938
0.2160916260 3.5908404707
0.2164331304 3.5905077358
0.2166973309 3.5902523733
0.2173413982 3.5896373770
0.2182101714 3.5888247858
0.2203287167 3.5869255264
0.2208800685 3.5864505107
0.2217852587 3.5856880158
0.2220782856 3.5854458220
0.2224472621 3.5851440909
0.2231167240 3.5846058710
0.2234392054 3.5843508677
0.2244434955 3.5835745202
0.2245658074 3.5834818143
0.2266843528 3.5819399670
0.2274560434 3.5814085025
0.2281736358 3.5809288264
0.2281948050 3.5809148889
0.2288028981 3.5805197542
0.2309214435 3.5792223144
0.2330399889 3.5780487183
0.2339833462 3.5775662492
0.2349761704 3.5770853098
0.2351585342 3.5769999684
0.2359931464 3.5766212945
0.2361125812 3.5765687053
0.2372770796 3.5760769974
0.2388090110 3.5754884421
0.2393956249 3.5752806678
0.2399315365 3.5750993919
0.2415141703 3.5746117705
0.2423823045 3.5743746488
0.2428777149 3.5742489946
0.2436327156 3.5740710245
0.2436819325 3.5740599907
0.2446026537 3.5738663998
0.2457512610 3.5736590758
0.2465743428 3.5735338939
0.2469972539 3.5734771784
0.2472010818 3.5734516888
0.2478698063 3.5733764965
0.2490891576 3.5732727100
0.2490915488 3.5732725488
0.2499883517 3.5732237846
0.2501224171 3.5732185000
0.2502849372 3.5732127936
0.2503599162 3.5732104195
0.2507514231 3.5732006759
0.2507883400 3.5731999869
0.2513470184 3.5731943962
0.6330812276 3.5639816814
0.6334450606 3.5616657454
0.6340134317 3.5580385117
0.6343446234 3.5559196884
0.6352896658 3.5498527276
0.6354518463 3.5488084593
0.6355549314 3.5481442316
0.6355636060 3.5480883205
0.6357165151 3.5471023341
0.6365294852 3.5418467263
0.6376821513 3.5343566939
0.6389769061 3.5258904323
0.6391004290 3.5250798360
0.6398006967 3.5204750234
0.6406933400 3.5145821141
0.6419192420 3.5064475591
0.6440377874 3.4922786418
0.6445635280 3.4887410721
0.6461563327 3.4779727015
0.6464289599 3.4761220081
0.6470678281 3.4717765941
0.6482748781 3.4635342559
0.6503934234 3.4489679085
0.6515255900 3.4411327239
0.6525119688 3.4342783470
0.6526061021 3.4336228622
0.6531805689 3.4296175937
0.6546305141 3.4194703417
0.6566139524 3.4055036429
0.6567490595 3.4045487435
0.6579146471 3.3962924769
0.6583933525 3.3928923025
0.6588676048 3.3895184819
0.6594631886 3.3852741607
0.6603953135 3.3786153621
0.6609861502 3.3743845634
0.6610020697 3.3742704620
0.6613145813 3.3720294471
0.6621415689 3.3660889125
0.6623508080 3.3645835512
0.6631046956 3.3591520697
0.6632154830 3.3583528846
0.6635465343 3.3559632713
0.6652232409 3.3438261552
0.6673417863 3.3284120452
0.6687566769 3.3180710849
0.6694603316 3.3129150341
0.6705684953 3.3047776648
0.6706263518 3.3043522499
0.6708984608 3.3023507063
0.6715788770 3.2973404830
0.6723030777 3.2919996850
0.6727424949 3.2887550786
0.6729080586 3.2875318011
0.6736974223 3.2816938175
0.6742969880 3.2772533476
0.6751664927 3.2708044441
0.6758159677 3.2659805259
0.6774403378 3.2538908779
0.6776204701 3.2525481107
0.6779345130 3.2502061564
0.6781073463 3.2489167422
0.6783368384 3.2472040631
0.6800530584 3.2343763154
0.6813641339 3.2245546023
0.6821716037 3.2184966647
0.6824725854 3.2162369326
0.6842901491 3.2025729198
0.6844657467 3.2012512659
0.6853724324 3.1944229350
0.6856244214 3.1925240131
0.6864086944 3.1866108467
0.6864314181 3.1864394500
0.6865016483 3.1859097036
0.6871562813 3.1809701298
0.6879012854 3.1753451268
0.6885272398 3.1706162603
0.6902806521 3.1573579403
0.6903790616 3.1566133491
0.6904770254 3.1558720850
0.6906457851 3.1545950214
0.6911530067 3.1507559195
0.6913020319 3.1496277504
0.6921386169 3.1432928530
0.6927643305 3.1385530344
0.6929469536 3.1371694033
0.6937737906 3.1309036570
0.6941958086 3.1277048923
0.6944821688 3.1255341253
0.6947570077 3.1234505255
0.6948828759 3.1224962450
0.6957631272 3.1158217436
0.6968913117 3.1072657543
0.6970014212 3.1064306375
0.6971630733 3.1052045871
0.6991199666 3.0903622322
0.6995106062 3.0873995464
0.7000552887 3.0832688261
0.7011094994 3.0752751929
0.7012385119 3.0742970827
0.7025732494 3.0641800393
0.7033570573 3.0582412738
0.7037034471 3.0556173982
0.7043519877 3.0507059587
0.7054756026 3.0422009182
0.7075941480 3.0261821545
0.7079016447 3.0238592677
0.7083348193 3.0205880154
0.7092477605 3.0136978166
0.7097126933 3.0101911439
0.7113869537 2.9975773441
0.7115219838 2.9965610498
0.7118312387 2.9942340680
0.7120193045 2.9928193875
0.7133044190 2.9831612251
0.7137340402 2.9799360252
0.7139497840 2.9783171256
0.7140066735 2.9778903180
0.7145641218 2.9737099085
0.7153584230 2.9677590829
0.7160683294 2.9624465304
0.7162337072 2.9612097721
0.7165501489 2.9588442047
0.7181868747 2.9466285081
0.7193169789 2.9382142918
0.7195390166 2.9365631533
0.7199757744 2.9333173118
0.7203054201 2.9308692935
0.7208855013 2.9265653265
0.7213196692 2.9233472447
0.7213707787 2.9229686043
0.7224239654 2.9151751277
0.7236204202 2.9063429019
0.7236834209 2.9058784826
0.7239044725 2.9042494919
0.7245425108 2.8995522555
0.7249382074 2.8966426609
0.7250226771 2.8960219008
0.7266610562 2.8840069223
0.7283117026 2.8719526608
0.7287796015 2.8685453717
0.7297222591 2.8616942439
0.7298357787 2.8608704249
0.7308981469 2.8531738422
0.7319497895 2.8455787989
0.7330166922 2.8378985644
0.7351352376 2.8227257584
0.7355475447 2.8197852968
0.7357356123 2.8184454294
0.7361168675 2.8157318932
0.7372537829 2.8076616308
0.7384667282 2.7990881766
0.7384908910 2.7989177769
0.7390386255 2.7950592312
0.7393723283 2.7927123718
0.7409895983 2.7813814432
0.7412170367 2.7797937766
0.7413565609 2.7788205288
0.7414908736 2.7778841523
0.7423206695 2.7721105332
0.7427190294 2.7693458339
0.7436094190 2.7631831212
0.7445065632 2.7569974754
0.7457279643 2.7486154021
0.7457761232 2.7482858458
0.7466508785 2.7423124190
0.7470368070 2.7396847096
0.7478465097 2.7341870910
0.7499650550 2.7199042529
0.7505627007 2.7159021757
0.7507220110 2.7148374214
0.7520836004 2.7057729193
0.7521291976 2.7054704823
0.7530117782 2.6996309601
0.7537097040 2.6950328457
0.7539453411 2.6934843696
0.7542021457 2.6917990849
0.7543380819 2.6909079731
0.7563206911 2.6779887052
0.7576834102 2.6691945476
0.7584392364 2.6643476934
0.7589484424 2.6610948894
0.7593788351 2.6583534988
0.7605212792 2.6511124169
0.7605577818 2.6508819175
0.7612736335 2.6463724985
0.7616076370 2.6442756206
0.7616141265 2.6442349244
0.7621286609 2.6410137628
0.7626763272 2.6375971976
0.7633812059 2.6332182664
0.7647948725 2.6244993028
0.7660511447 2.6168229824
0.7669134179 2.6115939489
0.7690319632 2.5988867948
0.7690405740 2.5988355591
0.7697340918 2.5947200786
0.7710333522 2.5870694630
0.7711505086 2.5863834405
0.7716514847 2.5834571501
0.7732690539 2.5740894238
0.7740864984 2.5694028913
0.7751927503 2.5631120645
0.7753875993 2.5620102177
0.7775061446 2.5501512278
0.7790748465 2.5415151432
0.7793528373 2.5399977986
0.7796246900 2.5385177891
0.7801836824 2.5354864999
0.7817432353 2.5271151640
0.7817780123 2.5269299391
0.7830151487 2.5203824055
0.7838617807 2.5159485391
0.7859803260 2.5050230224
0.7870804097 2.4994465719
0.7878506274 2.4955821229
0.7880988714 2.4943436414
0.7884438071 2.4926284926
0.7900618219 2.4846725883
0.7902174167 2.4839153397
0.7911031329 2.4796310935
0.7912836890 2.4787632570
0.7921248217 2.4747451634
0.7923359621 2.4737429749
0.7925973344 2.4725059458
0.7928291365 2.4714121940
0.7929073777 2.4710437226
0.7944545075 2.4638313159
0.7946819845 2.4627827555
0.7949051540 2.4617570293
0.7965730528 2.4541850402
0.7967564674 2.4533625401
0.7969797895 2.4523638160
0.7975283310 2.4499234559
0.7986915982 2.4448087319
0.8008101435 2.4357068786
0.8012536104 2.4338367720
0.8016586244 2.4321395310
0.8016821142 2.4320414095
0.8029286889 2.4268838695
0.8048280562 2.4192142470
0.8048625939 2.4190769100
0.8050472342 2.4183439927
0.8056681720 2.4158952494
0.8061180972 2.4141363955
0.8067483086 2.4116947195
0.8070283550 2.4106179607
0.8071657796 2.4100914332
0.8076605996 2.4082057470
0.8078901192 2.4073364929
0.8084731028 2.4051440339
0.8092843249 2.4021302699
0.8103133806 2.3983695777
0.8114028703 2.3944644743
0.8114232599 2.3943921436
0.8115117473 2.3940785627
0.8118348531 2.3929379813
0.8135214156 2.3870979072
0.8148738767 2.3825533702
0.8153232969 2.3810707267
0.8156399610 2.3800343175
0.8157571046 2.3796526535
0.8169996930 2.3756620638
0.8177585063 2.3732773392
0.8185738482 2.3707593105
0.8190910611 2.3691858983
0.8196043067 2.3676429544
0.8198770517 2.3668304899
0.8199692781 2.3665569373
0.8207066427 2.3643912397
0.8210879833 2.3632861663
0.8212402820 2.3628476802
0.8215850676 2.3618610298
0.8219955970 2.3606971683
0.8241141424 2.3548806527
0.8250799617 2.3523349707
0.8259895672 2.3499985234
0.8262326878 2.3493840984
0.8276119726 2.3459789630
0.8282235202 2.3445132131
0.8283512331 2.3442105362
0.8292892201 2.3420238591
0.8304697785 2.3393628702
0.8308497804 2.3385280338
0.8313761560 2.3373891233
0.8317563491 2.3365791679
0.8322091044 2.3356285055
0.8325308331 2.3349621461
0.8325883238 2.3348438765
0.8341221363 2.3317787777
0.8347068692 2.3306562008
0.8352830528 2.3295749134
0.8355073756 2.3291606300
0.8366446559 2.3271180881
0.8368254145 2.3268023571
0.8377825570 2.3251713447
0.8388147376 2.3234896158
0.8389439599 2.3232847257
0.8389633134 2.3232541479
0.8396695435 2.3221576681
0.8398818087 2.3218354729
0.8400747080 2.3215456281
0.8408181456 2.3204549112
0.8410625052 2.3201055521
0.8420204328 2.3187797367
0.8424643972 2.3181889358
0.8431810506 2.3172669447
0.8437414488 2.3165732857
0.8451417197 2.3149450304
0.8452995959 2.3147708739
0.8461951392 2.3138191957
0.8467407600 2.3132695970
0.8474181413 2.3126191704
0.8483422790 2.3117888758
0.8484470477 2.3116989078
0.8486959637 2.3114885582
0.8495366866 2.3108135238
0.8504359451 2.3101520851
0.8516552320 2.3093554811
0.8516951756 2.3093313388
0.8518483203 2.3092399265
0.8524981207 2.3088723592
0.8528294659 2.3086975866
0.8532981371 2.3084649890
0.8537737773 2.3082464460
0.8558923227 2.3074876768
0.8559499775 2.3074719341
0.8580108681 2.3070802860
0.8582126833 2.3070598446
0.8588489740 2.3070163374
0.8591170606 2.3070075316
1.3601061168 2.3003318728
1.3611074854 2.2866569019
1.3620625914 2.2736259107
1.3622246621 2.2714159552
1.3630662717 2.2599461700
1.3631358677 2.2589981666
1.3636252155 2.2523346385
1.3643432075 2.2425646118
1.3651210497 2.2319900028
1.3664617528 2.2137889705
1.3664974772 2.2133044484
1.3665427774 2.2126900881
1.3667772290 2.2095110987
1.3674016879 2.2010492287
1.3680478918 2.1923010960
1.3685802982 2.1851001611
1.3706988435 2.1565093111
1.3710267651 2.1520933117
1.3726674545 2.1300394398
1.3728173889 2.1280275408
1.3749359342 2.0996659583
1.3750827137 2.0977057150
1.3754586385 2.0926881280
1.3760331535 2.0850280672
1.3761160743 2.0839233036
1.3767621575 2.0753227253
1.3770544796 2.0714356558
1.3779353991 2.0597383865
1.3783749635 2.0539110935
1.3785505955 2.0515845351
1.3791074778 2.0442144935
1.3791730249 2.0433477038
1.3794106054 2.0402071926
1.3795652117 2.0381645380
1.3797502468 2.0357209486
1.3798523424 2.0343731739
1.3812915703 2.0154131473
1.3814666178 2.0131122224
1.3834101156 1.9876430006
1.3839159211 1.9810383669
1.3848459524 1.9689209279
1.3855286610 1.9600482428
1.3876472064 1.9326398133
1.3881498151 1.9261659111
1.3892641604 1.9118527938
1.3897200053 1.9060140273
1.3897657517 1.9054286066
1.3900499118 1.9017943605
1.3915980107 1.8820619441
1.3918842971 1.8784254683
1.3936099379 1.8565915680
1.3940028424 1.8516411900
1.3961213878 1.8250865047
1.3970464335 1.8135663476
1.3982399331 1.7987720824
1.3999648495 1.7775317154
1.4003584785 1.7727085251
1.4008997726 1.7660907235
1.4024770238 1.7469063626
1.4045955692 1.7213760475
1.4052131976 1.7139857603
1.4053754731 1.7120480492
1.4055397101 1.7100886258
1.4066013654 1.6974643783
1.4066562232 1.6968140391
1.4067141145 1.6961279510
1.4088326599 1.6711723582
1.4097812217 1.6600961924
1.4105131521 1.6515916402
1.4109512052 1.6465194634
1.4122029456 1.6320996891
1.4130602346 1.6222879819
1.4130697506 1.6221793659
1.4151882959 1.5981620654
1.4158448392 1.5907861038
1.4173068413 1.5744774575
1.4194253867 1.5511353294
1.4195198307 1.5501028731
1.4201487250 1.5432457505
1.4215029803 1.5285863561
1.4215439320 1.5281453555
1.4222919198 1.5201142714
1.4231397809 1.5110659061
1.4236624774 1.5055170928
1.4241651937 1.5002016957
1.4247507796 1.4940366064
1.4257810227 1.4832599772
1.4278995681 1.4613833185
1.4284979140 1.4552748095
1.4287630528 1.4525780009
1.4288184118 1.4520157043
1.4293628327 1.4465002134
1.4300181134 1.4398962967
1.4300198983 1.4398783610
1.4321366588 1.4188079578
1.4321830947 1.4183502595
1.4342552041 1.3981272093
1.4355013559 1.3861564888
1.4363737495 1.3778628163
1.4376788610 1.3655901113
1.4384922948 1.3580233979
1.4386154186 1.3568836341
1.4388784198 1.3544539287
1.4390712355 1.3526768813
1.4406108402 1.3386174223
1.4416871459 1.3289271200
1.4420616681 1.3255821234
1.4427293855 1.3196532037
1.4428896853 1.3182364838
1.4429993458 1.3172687967
1.4441366384 1.3073043284
1.4448479309 1.3011388981
1.4451744050 1.2983263100
1.4454995097 1.2955363544
1.4455711662 1.2949228755
1.4460066924 1.2912055163
1.4469664762 1.2830824992
1.4478703001 1.2755204740
1.4486627167 1.2689607738
1.4490850216 1.2654918352
1.4500214419 1.2578669879
1.4505565847 1.2535513438
1.4506209809 1.2530340783
1.4512035669 1.2483745646
1.4516125409 1.2451253133
1.4519418840 1.2425217826
1.4524709416 1.2383639354
1.4533221123 1.2317381730
1.4535425869 1.2300347653
1.4541474545 1.2253887167
1.4554092401 1.2158258421
1.4554208729 1.2157384942
1.4554406577 1.2155899688
1.4573528500 1.2014397532
1.4575592030 1.1999370807
1.4591979075 1.1881736515
1.4596777484 1.1847864532
1.4599994821 1.1825299532
1.4614593497 1.1724392065
1.4617962937 1.1701448441
1.4621686616 1.1676244413
1.4631524962 1.1610421758
1.4639148391 1.1560188204
1.4647714565 1.1504549128
1.4656103721 1.1450890902
1.4660333844 1.1424147558
1.4672146185 1.1350585012
1.4681519298 1.1293388270
1.4685959805 1.1266656018
1.4686383909 1.1264115175
1.4693633992 1.1221011513
1.4702704751 1.1167970106
1.4713198242 1.1107844327
1.4722931832 1.1053262774
1.4723890205 1.1047950806
1.4739972866 1.0960478875
1.4745075658 1.0933386048
1.4747048973 1.0922994551
1.4757108074 1.0870767481
1.4766261112 1.0824329423
1.4773831011 1.0786707330
1.4784822764 1.0733347095
1.4787446565 1.0720832408
1.4803256013 1.0647250638
1.4808632019 1.0622944334
1.4812992363 1.0603497578
1.4822388507 1.0562407949
1.4829817472 1.0530712367
1.4836102009 1.0504446778
1.4837545390 1.0498485277
1.4841361970 1.0482849800
1.4844246265 1.0471156888
1.4851002926 1.0444181476
1.4853100051 1.0435927626
1.4854330553 1.0431110844
1.4863858015 1.0394472950
1.4867019686 1.0382572381
1.4869320508 1.0373992905
1.4872188380 1.0363394412
1.4883507597 1.0322598929
1.4893373833 1.0288391682
1.4896971074 1.0276233641
1.4897772890 1.0273546543
1.4897774490 1.0273541188
1.4902736574 1.0257097877
1.4909658730 1.0234694502
1.4914559287 1.0219211530
1.4935744740 1.0155889910
1.4949604314 1.0117650964
1.4954467755 1.0104831977
1.4956930194 1.0098460470
1.4971132811 1.0063274879
1.4978115647 1.0046954527
1.4982089981 1.0037954391
1.4997189021 1.0005674588
1.4999301101 1.0001401053
1.5020486554 0.9961826650
1.5021177788 0.9960636434
1.5026217059 0.9952152661
1.5041672008 0.9928255541
1.5059167521 0.9905073126
1.5060400811 0.9903594289
1.5062857461 0.9900709547
1.5083859943 0.9879367847
1.5084042915 0.9879208073
1.5105228368 0.9863768096
1.5106304107 0.9863146080
1.5108511345 0.9861918864
1.5112532151 0.9859852885
1.5116122828 0.9858193051
1.5120113062 0.9856553500
1.5126413822 0.9854404150
1.5128357826 0.9853849696
1.5134294210 0.9852473946
1.5147599275 0.9851128310
2.0520675476 0.9808637692
2.0525010452 0.9728379241
2.0528704473 0.9660091293
2.0536325606 0.9519511728
2.0536332467 0.9519385359
2.0541821211 0.9418398194
2.0549124382 0.9284367677
2.0549889926 0.9270340856
2.0551680107 0.9237556870
2.0556373528 0.9151718558
2.0566504361 0.8967001191
2.0570105110 0.8901536920
2.0571075380 0.8883913825
2.0576496217 0.8785589266
2.0579958754 0.8722905213
2.0581398676 0.8696865409
2.0592260833 0.8500964320
2.0593858998 0.8472221162
2.0595426804 0.8444044151
2.0613446287 0.8121645366
2.0631297600 0.7804953361
2.0633747836 0.7761699469
2.0634631740 0.7746108824
2.0635463352 0.7731446791
2.0655817194 0.7374505332
2.0658245485 0.7332169856
2.0675828589 0.7027242206
2.0676568094 0.7014480784
2.0677002647 0.7006984238
2.0684803886 0.6872707781
2.0698188101 0.6643693537
2.0715680357 0.6347026803
2.0719373554 0.6284779809
2.0727279385 0.6151993955
2.0730399202 0.6099768630
2.0740559008 0.5930388155
2.0744384974 0.5866880370
2.0753355358 0.5718581006
2.0761744461 0.5580662137
2.0775390540 0.5357931716
2.0782929915 0.5235743714
2.0785223296 0.5198699706
2.0793232334 0.5069790478
2.0804115369 0.4895773184
2.0819323801 0.4654846416
2.0820884406 0.4630274162
2.0825300822 0.4560889120
2.0827305155 0.4529474439
2.0828635507 0.4508649194
2.0839399498 0.4340913877
2.0845349139 0.4248788089
2.0846486276 0.4231228315
2.0867671729 0.3906925718
2.0867826818 0.3904571739
2.0883243707 0.3672047149
2.0888857183 0.3588114377
2.0890728818 0.3560217288
2.0893286560 0.3522164774
2.0907639355 0.3310166773
2.0910042636 0.3274925382
2.0913868559 0.3218975354
2.0931228090 0.2967487809
2.0951553166 0.2678059379
2.0951962739 0.2672283450
2.0952413543 0.2665928658
2.0973145729 0.2376632594
2.0973598997 0.2370372806
2.0982789259 0.2244058506
2.0990554239 0.2138239643
2.0994279771 0.2087765578
2.0994539203 0.2084257931
2.0994784450 0.2080942942
2.0998453512 0.2031448468
2.1009207559 0.1887465020
2.1009371708 0.1885279870
2.1011356344 0.1858890380
2.1015969904 0.1797759520
2.1037155357 0.1520940705
2.1058340811 0.1250602316
2.1059023023 0.1242005883
2.1066269143 0.1151121869
2.1075231115 0.1039791166
2.1079526264 0.0986857778
2.1097524383 0.0768056700
2.1100711718 0.0729818071
2.1121897172 0.0479591679
2.1125031673 0.0443154426
2.1135132398 0.0326772273
2.1143082625 0.0236284540
2.1146791784 0.0194405723
2.1149305116 0.0166151208
2.1153029186 0.0124468289
2.1153084216 0.0123853986
2.1164268079 0.0000000000
